77.906 6.533 -1.000 1.000 1.000
77.736 6.667 -1.000 1.000 1.000
77.497 6.800 -1.000 1.000 1.000
77.320 6.933 -1.000 1.000 1.000
77.205 7.067 -1.000 1.000 1.000
77.240 7.200 -1.000 1.000 1.000
77.253 7.333 -1.000 1.000 1.000
77.219 7.467 -1.000 1.000 1.000
77.183 7.600 -1.000 1.000 1.000
77.078 7.733 -1.000 1.000 1.000
76.763 7.867 -1.000 1.000 1.000
76.803 8.000 -1.000 1.000 1.000
76.828 8.133 -1.000 1.000 1.000
76.859 8.267 -1.000 1.000 1.000
76.859 8.400 -1.000 1.000 1.000
76.795 8.533 -1.000 1.000 1.000
76.801 8.667 -1.000 1.000 1.000
76.820 8.800 -1.000 1.000 1.000
76.817 8.933 -1.000 1.000 1.000
76.800 9.067 -1.000 1.000 1.000
76.755 9.200 -1.000 1.000 1.000
76.672 9.333 -1.000 1.000 1.000
75.971 9.467 -1.000 1.000 1.000
75.971 9.600 -1.000 1.000 1.000
75.899 9.733 -1.000 1.000 1.000
75.825 9.867 -1.000 1.000 1.000
75.822 10.000 -1.000 1.000 1.000
75.839 10.133 -1.000 1.000 1.000
75.865 10.267 -1.000 1.000 1.000
75.878 10.400 -1.000 1.000 1.000
75.891 10.533 -1.000 1.000 1.000
75.888 10.667 -1.000 1.000 1.000
75.868 10.800 -1.000 1.000 1.000
75.815 10.933 -1.000 1.000 1.000
75.802 11.067 -1.000 1.000 1.000
75.762 11.200 -1.000 1.000 1.000
75.532 11.333 -1.000 1.000 1.000
75.275 11.467 -1.000 1.000 1.000
75.165 11.600 -1.000 1.000 1.000
75.015 11.733 -1.000 1.000 1.000
74.652 11.867 -1.000 1.000 1.000
74.660 12.000 -1.000 1.000 1.000
74.695 12.133 -1.000 1.000 1.000
74.714 12.267 -1.000 1.000 1.000
74.743 12.400 -1.000 1.000 1.000
74.758 12.533 -1.000 1.000 1.000
74.720 12.667 -1.000 1.000 1.000
74.641 12.800 -1.000 1.000 1.000
74.567 12.933 -1.000 1.000 1.000
74.448 13.067 -1.000 1.000 1.000
74.323 13.200 -1.000 1.000 1.000
74.164 13.333 -1.000 1.000 1.000
74.050 13.467 -1.000 1.000 1.000
73.996 13.600 -1.000 1.000 1.000
73.897 13.733 -1.000 1.000 1.000
73.567 13.867 -1.000 1.000 1.000
73.531 14.000 -1.000 1.000 1.000
73.353 14.133 -1.000 1.000 1.000
73.234 14.267 -1.000 1.000 1.000
73.334 14.400 -1.000 1.000 1.000
73.364 14.533 -1.000 1.000 1.000
73.385 14.667 -1.000 1.000 1.000
73.247 14.800 -1.000 1.000 1.000
73.054 14.933 -1.000 1.000 1.000
73.486 15.067 -1.000 1.000 1.000
72.818 15.200 -1.000 1.000 1.000
73.547 15.333 -1.000 1.000 1.000
73.297 15.467 -1.000 1.000 1.000
73.070 15.600 -1.000 1.000 1.000
72.968 15.733 -1.000 1.000 1.000
72.931 15.867 -1.000 1.000 1.000
72.533 16.000 -1.000 1.000 1.000
72.448 16.133 -1.000 1.000 1.000
72.459 16.267 -1.000 1.000 1.000
72.453 16.400 -1.000 1.000 1.000
72.437 16.533 -1.000 1.000 1.000
72.366 16.667 -1.000 1.000 1.000
72.340 16.800 -1.000 1.000 1.000
72.285 16.933 -1.000 1.000 1.000
71.961 17.067 -1.000 1.000 1.000
71.829 17.200 -1.000 1.000 1.000
71.771 17.333 -1.000 1.000 1.000
71.704 17.467 -1.000 1.000 1.000
71.632 17.600 -1.000 1.000 1.000
71.598 17.733 -1.000 1.000 1.000
71.523 17.867 -1.000 1.000 1.000
71.506 18.001 -1.000 1.000 1.000
71.500 18.133 -1.000 1.000 1.000
71.464 18.267 -1.000 1.000 1.000
71.470 18.400 -1.000 1.000 1.000
71.417 18.533 -1.000 1.000 1.000
71.015 18.667 -1.000 1.000 1.000
70.972 18.800 -1.000 1.000 1.000
70.969 18.933 -1.000 1.000 1.000
70.985 19.067 -1.000 1.000 1.000
70.963 19.200 -1.000 1.000 1.000
70.868 19.333 -1.000 1.000 1.000
70.976 19.467 -1.000 1.000 1.000
70.979 19.600 -1.000 1.000 1.000
70.946 19.733 -1.000 1.000 1.000
70.916 19.867 -1.000 1.000 1.000
70.879 20.001 -1.000 1.000 1.000
70.820 20.133 -1.000 1.000 1.000
70.763 20.267 -1.000 1.000 1.000
70.713 20.400 -1.000 1.000 1.000
70.640 20.533 -1.000 1.000 1.000
70.545 20.667 -1.000 1.000 1.000
70.430 20.800 -1.000 1.000 1.000
70.319 20.933 -1.000 1.000 1.000
70.212 21.067 -1.000 1.000 1.000
70.095 21.200 -1.000 1.000 1.000
69.961 21.333 -1.000 1.000 1.000
69.764 21.467 -1.000 1.000 1.000
69.573 21.600 -1.000 1.000 1.000
69.437 21.733 -1.000 1.000 1.000
69.119 21.867 -1.000 1.000 1.000
69.013 22.001 -1.000 1.000 1.000
68.879 22.133 -1.000 1.000 1.000
68.660 22.267 -1.000 1.000 1.000
68.392 22.400 -1.000 1.000 1.000
68.132 22.533 -1.000 1.000 1.000
67.931 22.667 -1.000 1.000 1.000
67.782 22.800 -1.000 1.000 1.000
66.575 22.933 -1.000 1.000 1.000
66.298 23.067 -1.000 1.000 1.000
66.365 23.200 -1.000 1.000 1.000
66.429 23.333 -1.000 1.000 1.000
66.375 23.467 -1.000 1.000 1.000
66.311 23.600 -1.000 1.000 1.000
66.241 23.733 -1.000 1.000 1.000
66.159 23.867 -1.000 1.000 1.000
66.053 24.001 -1.000 1.000 1.000
64.587 24.133 -1.000 1.000 1.000
63.947 24.267 -1.000 1.000 1.000
63.464 24.400 -1.000 1.000 1.000
63.266 24.533 -1.000 1.000 1.000
63.059 24.667 -1.000 1.000 1.000
62.986 24.800 -1.000 1.000 1.000
62.928 24.933 -1.000 1.000 1.000
62.873 25.067 -1.000 1.000 1.000
62.606 25.200 -1.000 1.000 1.000
62.367 25.333 -1.000 1.000 1.000
62.186 25.467 -1.000 1.000 1.000
61.034 25.600 -1.000 1.000 1.000
60.299 25.733 -1.000 1.000 1.000
58.094 25.867 -1.000 1.000 1.000
58.000 26.001 -1.000 1.000 1.000
57.873 26.133 -1.000 1.000 1.000
57.437 26.267 -1.000 1.000 1.000
57.424 26.400 -1.000 1.000 1.000
57.490 26.533 -1.000 1.000 1.000
57.543 26.667 -1.000 1.000 1.000
57.586 26.800 -1.000 1.000 1.000
57.525 26.933 -1.000 1.000 1.000
57.456 27.067 -1.000 1.000 1.000
57.507 27.200 -1.000 1.000 1.000
57.542 27.333 -1.000 1.000 1.000
57.527 27.467 -1.000 1.000 1.000
57.308 27.600 -1.000 1.000 1.000
57.332 27.733 -1.000 1.000 1.000
57.389 27.867 -1.000 1.000 1.000
57.427 28.001 -1.000 1.000 1.000
57.457 28.133 -1.000 1.000 1.000
57.470 28.267 -1.000 1.000 1.000
57.473 28.400 -1.000 1.000 1.000
57.438 28.533 -1.000 1.000 1.000
56.897 28.667 -1.000 1.000 1.000
56.635 28.800 -1.000 1.000 1.000
56.463 28.933 -1.000 1.000 1.000
56.413 29.067 -1.000 1.000 1.000
56.480 29.200 -1.000 1.000 1.000
56.527 29.333 -1.000 1.000 1.000
56.541 29.467 -1.000 1.000 1.000
56.527 29.600 -1.000 1.000 1.000
56.449 29.733 -1.000 1.000 1.000
55.951 29.867 -1.000 1.000 1.000
55.813 30.001 -1.000 1.000 1.000
55.657 30.133 -1.000 1.000 1.000
55.555 30.267 -1.000 1.000 1.000
55.468 30.400 -1.000 1.000 1.000
55.336 30.533 -1.000 1.000 1.000
54.855 30.667 -1.000 1.000 1.000
54.790 30.800 -1.000 1.000 1.000
54.730 30.933 -1.000 1.000 1.000
54.696 31.067 -1.000 1.000 1.000
54.587 31.200 -1.000 1.000 1.000
54.412 31.333 -1.000 1.000 1.000
54.236 31.467 -1.000 1.000 1.000
54.136 31.600 -1.000 1.000 1.000
54.093 31.733 -1.000 1.000 1.000
54.049 31.867 -1.000 1.000 1.000
53.978 32.001 -1.000 1.000 1.000
53.679 32.133 -1.000 1.000 1.000
53.609 32.267 -1.000 1.000 1.000
53.502 32.400 -1.000 1.000 1.000
53.393 32.533 -1.000 1.000 1.000
53.260 32.667 -1.000 1.000 1.000
53.073 32.800 -1.000 1.000 1.000
52.760 32.933 -1.000 1.000 1.000
52.619 33.067 -1.000 1.000 1.000
52.455 33.200 -1.000 1.000 1.000
52.422 33.333 -1.000 1.000 1.000
52.385 33.467 -1.000 1.000 1.000
52.358 33.600 -1.000 1.000 1.000
52.314 33.733 -1.000 1.000 1.000
52.269 33.867 -1.000 1.000 1.000
52.234 34.001 -1.000 1.000 1.000
52.285 34.133 -1.000 1.000 1.000
52.130 34.267 -1.000 1.000 1.000
52.144 34.400 -1.000 1.000 1.000
52.239 34.533 -1.000 1.000 1.000
52.712 34.667 -1.000 1.000 1.000
52.756 34.800 -1.000 1.000 1.000
52.769 34.933 -1.000 1.000 1.000
52.792 35.067 -1.000 1.000 1.000
52.830 35.200 -1.000 1.000 1.000
52.785 35.333 -1.000 1.000 1.000
52.714 35.467 -1.000 1.000 1.000
52.626 35.600 -1.000 1.000 1.000
52.540 35.733 -1.000 1.000 1.000
51.455 35.867 -1.000 1.000 1.000
51.251 36.001 -1.000 1.000 1.000
51.081 36.133 -1.000 1.000 1.000
50.968 36.267 -1.000 1.000 1.000
50.855 36.400 -1.000 1.000 1.000
50.641 36.533 -1.000 1.000 1.000
50.538 36.667 -1.000 1.000 1.000
50.375 36.800 -1.000 1.000 1.000
50.325 36.933 -1.000 1.000 1.000
50.351 37.067 -1.000 1.000 1.000
50.368 37.200 -1.000 1.000 1.000
50.388 37.333 -1.000 1.000 1.000
50.365 37.467 -1.000 1.000 1.000
50.298 37.600 -1.000 1.000 1.000
50.228 37.733 -1.000 1.000 1.000
50.208 37.867 -1.000 1.000 1.000
49.995 38.001 -1.000 1.000 1.000
49.918 38.133 -1.000 1.000 1.000
49.932 38.267 -1.000 1.000 1.000
49.995 38.400 -1.000 1.000 1.000
50.018 38.533 -1.000 1.000 1.000
50.011 38.667 -1.000 1.000 1.000
49.992 38.800 -1.000 1.000 1.000
49.962 38.933 -1.000 1.000 1.000
49.948 39.067 -1.000 1.000 1.000
50.068 39.200 -1.000 1.000 1.000
49.815 39.333 -1.000 1.000 1.000
49.622 39.467 -1.000 1.000 1.000
49.136 39.600 -1.000 1.000 1.000
48.985 39.733 -1.000 1.000 1.000
48.832 39.867 -1.000 1.000 1.000
47.900 40.001 -1.000 1.000 1.000
48.006 40.133 -1.000 1.000 1.000
48.067 40.267 -1.000 1.000 1.000
48.125 40.400 -1.000 1.000 1.000
48.174 40.533 -1.000 1.000 1.000
48.184 40.667 -1.000 1.000 1.000
48.121 40.800 -1.000 1.000 1.000
48.024 40.933 -1.000 1.000 1.000
48.081 41.067 -1.000 1.000 1.000
47.741 41.200 -1.000 1.000 1.000
47.713 41.333 -1.000 1.000 1.000
47.700 41.467 -1.000 1.000 1.000
47.601 41.600 -1.000 1.000 1.000
47.485 41.733 -1.000 1.000 1.000
47.362 41.867 -1.000 1.000 1.000
47.106 42.001 -1.000 1.000 1.000
46.880 42.133 -1.000 1.000 1.000
46.656 42.267 -1.000 1.000 1.000
46.550 42.400 -1.000 1.000 1.000
46.442 42.533 -1.000 1.000 1.000
46.337 42.667 -1.000 1.000 1.000
46.227 42.800 -1.000 1.000 1.000
46.034 42.933 -1.000 1.000 1.000
45.856 43.067 -1.000 1.000 1.000
45.613 43.200 -1.000 1.000 1.000
45.479 43.333 -1.000 1.000 1.000
45.364 43.467 -1.000 1.000 1.000
45.190 43.600 -1.000 1.000 1.000
45.080 43.733 -1.000 1.000 1.000
45.108 43.867 -1.000 1.000 1.000
45.196 44.001 -1.000 1.000 1.000
45.237 44.133 -1.000 1.000 1.000
45.204 44.267 -1.000 1.000 1.000
45.167 44.400 -1.000 1.000 1.000
45.116 44.533 -1.000 1.000 1.000
45.024 44.667 -1.000 1.000 1.000
44.916 44.800 -1.000 1.000 1.000
44.879 44.933 -1.000 1.000 1.000
44.839 45.067 -1.000 1.000 1.000
44.774 45.200 -1.000 1.000 1.000
44.720 45.333 -1.000 1.000 1.000
44.691 45.467 -1.000 1.000 1.000
44.710 45.600 -1.000 1.000 1.000
44.720 45.733 -1.000 1.000 1.000
44.763 45.867 -1.000 1.000 1.000
44.833 46.001 -1.000 1.000 1.000
44.894 46.133 -1.000 1.000 1.000
44.911 46.267 -1.000 1.000 1.000
44.840 46.400 -1.000 1.000 1.000
44.850 46.533 -1.000 1.000 1.000
44.820 46.667 -1.000 1.000 1.000
44.774 46.800 -1.000 1.000 1.000
44.671 46.933 -1.000 1.000 1.000
44.641 47.067 -1.000 1.000 1.000
44.625 47.200 -1.000 1.000 1.000
44.576 47.333 -1.000 1.000 1.000
44.352 47.467 -1.000 1.000 1.000
44.291 47.600 -1.000 1.000 1.000
44.153 47.733 -1.000 1.000 1.000
44.049 47.867 -1.000 1.000 1.000
43.903 48.001 -1.000 1.000 1.000
43.676 48.133 -1.000 1.000 1.000
43.671 48.267 -1.000 1.000 1.000
43.566 48.400 -1.000 1.000 1.000
43.231 48.533 -1.000 1.000 1.000
43.087 48.667 -1.000 1.000 1.000
42.862 48.800 -1.000 1.000 1.000
42.690 48.933 -1.000 1.000 1.000
42.540 49.067 -1.000 1.000 1.000
42.574 49.200 -1.000 1.000 1.000
42.571 49.333 -1.000 1.000 1.000
42.533 49.467 -1.000 1.000 1.000
42.478 49.600 -1.000 1.000 1.000
42.376 49.733 -1.000 1.000 1.000
42.407 49.867 -1.000 1.000 1.000
42.457 50.001 -1.000 1.000 1.000
42.497 50.133 -1.000 1.000 1.000
42.565 50.267 -1.000 1.000 1.000
42.641 50.400 -1.000 1.000 1.000
42.720 50.533 -1.000 1.000 1.000
42.803 50.667 -1.000 1.000 1.000
42.891 50.800 -1.000 1.000 1.000
42.986 50.933 -1.000 1.000 1.000
43.060 51.067 -1.000 1.000 1.000
43.164 51.200 -1.000 1.000 1.000
43.251 51.333 -1.000 1.000 1.000
43.335 51.467 -1.000 1.000 1.000
43.404 51.600 -1.000 1.000 1.000
43.450 51.733 -1.000 1.000 1.000
43.490 51.867 -1.000 1.000 1.000
43.531 52.001 -1.000 1.000 1.000
43.533 52.133 -1.000 1.000 1.000
43.391 52.267 -1.000 1.000 1.000
43.356 52.400 -1.000 1.000 1.000
43.344 52.533 -1.000 1.000 1.000
43.457 52.667 -1.000 1.000 1.000
43.516 52.800 -1.000 1.000 1.000
43.575 52.933 -1.000 1.000 1.000
43.607 53.067 -1.000 1.000 1.000
43.636 53.200 -1.000 1.000 1.000
43.667 53.333 -1.000 1.000 1.000
43.706 53.467 -1.000 1.000 1.000
43.734 53.600 -1.000 1.000 1.000
43.745 53.733 -1.000 1.000 1.000
43.730 53.867 -1.000 1.000 1.000
43.696 54.001 -1.000 1.000 1.000
43.678 54.133 -1.000 1.000 1.000
43.605 54.267 -1.000 1.000 1.000
43.597 54.400 -1.000 1.000 1.000
43.522 54.533 -1.000 1.000 1.000
43.447 54.667 -1.000 1.000 1.000
43.430 54.800 -1.000 1.000 1.000
43.362 54.933 -1.000 1.000 1.000
43.052 55.067 -1.000 1.000 1.000
43.040 55.200 -1.000 1.000 1.000
43.103 55.333 -1.000 1.000 1.000
43.143 55.467 -1.000 1.000 1.000
43.173 55.600 -1.000 1.000 1.000
43.178 55.733 -1.000 1.000 1.000
43.174 55.867 -1.000 1.000 1.000
43.149 56.001 -1.000 1.000 1.000
42.964 56.133 -1.000 1.000 1.000
42.720 56.267 -1.000 1.000 1.000
42.591 56.400 -1.000 1.000 1.000
42.585 56.533 -1.000 1.000 1.000
42.546 56.667 -1.000 1.000 1.000
42.494 56.800 -1.000 1.000 1.000
42.426 56.933 -1.000 1.000 1.000
42.354 57.067 -1.000 1.000 1.000
42.344 57.200 -1.000 1.000 1.000
42.277 57.333 -1.000 1.000 1.000
42.294 57.467 -1.000 1.000 1.000
42.294 57.600 -1.000 1.000 1.000
42.257 57.733 -1.000 1.000 1.000
42.305 57.867 -1.000 1.000 1.000
42.317 58.001 -1.000 1.000 1.000
42.382 58.133 -1.000 1.000 1.000
42.430 58.267 -1.000 1.000 1.000
42.384 58.400 -1.000 1.000 1.000
42.371 58.533 -1.000 1.000 1.000
42.274 58.667 -1.000 1.000 1.000
42.164 58.800 -1.000 1.000 1.000
42.097 58.933 -1.000 1.000 1.000
41.914 59.067 -1.000 1.000 1.000
41.884 59.200 -1.000 1.000 1.000
41.768 59.333 -1.000 1.000 1.000
41.857 59.467 -1.000 1.000 1.000
41.947 59.600 -1.000 1.000 1.000
42.032 59.733 -1.000 1.000 1.000
42.103 59.867 -1.000 1.000 1.000
42.157 60.001 -1.000 1.000 1.000
42.208 60.133 -1.000 1.000 1.000
42.253 60.267 -1.000 1.000 1.000
42.273 60.400 -1.000 1.000 1.000
42.307 60.533 -1.000 1.000 1.000
42.360 60.667 -1.000 1.000 1.000
42.407 60.800 -1.000 1.000 1.000
42.422 60.933 -1.000 1.000 1.000
42.462 61.067 -1.000 1.000 1.000
42.424 61.200 -1.000 1.000 1.000
42.484 61.333 -1.000 1.000 1.000
42.671 61.467 -1.000 1.000 1.000
42.764 61.600 -1.000 1.000 1.000
42.837 61.733 -1.000 1.000 1.000
42.910 61.867 -1.000 1.000 1.000
42.973 62.001 -1.000 1.000 1.000
43.027 62.133 -1.000 1.000 1.000
43.076 62.267 -1.000 1.000 1.000
43.116 62.400 -1.000 1.000 1.000
43.144 62.533 -1.000 1.000 1.000
43.170 62.667 -1.000 1.000 1.000
43.216 62.800 -1.000 1.000 1.000
43.253 62.933 -1.000 1.000 1.000
43.288 63.067 -1.000 1.000 1.000
43.321 63.200 -1.000 1.000 1.000
43.345 63.333 -1.000 1.000 1.000
43.365 63.467 -1.000 1.000 1.000
43.391 63.600 -1.000 1.000 1.000
43.412 63.733 -1.000 1.000 1.000
43.433 63.867 -1.000 1.000 1.000
43.447 64.001 -1.000 1.000 1.000
43.461 64.133 -1.000 1.000 1.000
43.481 64.267 -1.000 1.000 1.000
43.501 64.400 -1.000 1.000 1.000
43.504 64.533 -1.000 1.000 1.000
43.532 64.667 -1.000 1.000 1.000
43.535 64.800 -1.000 1.000 1.000
43.555 64.933 -1.000 1.000 1.000
43.561 65.067 -1.000 1.000 1.000
43.559 65.200 -1.000 1.000 1.000
43.592 65.333 -1.000 1.000 1.000
43.624 65.467 -1.000 1.000 1.000
43.648 65.600 -1.000 1.000 1.000
43.665 65.733 -1.000 1.000 1.000
43.671 65.867 -1.000 1.000 1.000
43.665 66.000 -1.000 1.000 1.000
43.695 66.133 -1.000 1.000 1.000
43.718 66.267 -1.000 1.000 1.000
43.731 66.400 -1.000 1.000 1.000
43.742 66.533 -1.000 1.000 1.000
43.769 66.667 -1.000 1.000 1.000
43.746 66.800 -1.000 1.000 1.000
43.769 66.933 -1.000 1.000 1.000
43.725 67.067 -1.000 1.000 1.000
43.712 67.200 -1.000 1.000 1.000
43.762 67.333 -1.000 1.000 1.000
43.825 67.467 -1.000 1.000 1.000
43.865 67.600 -1.000 1.000 1.000
43.892 67.733 -1.000 1.000 1.000
43.918 67.867 -1.000 1.000 1.000
43.951 68.000 -1.000 1.000 1.000
43.955 68.133 -1.000 1.000 1.000
43.943 68.267 -1.000 1.000 1.000
44.043 68.400 -1.000 1.000 1.000
44.080 68.533 -1.000 1.000 1.000
44.110 68.667 -1.000 1.000 1.000
44.121 68.800 -1.000 1.000 1.000
44.110 68.933 -1.000 1.000 1.000
44.141 69.067 -1.000 1.000 1.000
44.149 69.200 -1.000 1.000 1.000
44.120 69.333 -1.000 1.000 1.000
44.114 69.467 -1.000 1.000 1.000
44.143 69.600 -1.000 1.000 1.000
44.196 69.733 -1.000 1.000 1.000
44.103 69.867 -1.000 1.000 1.000
44.147 70.000 -1.000 1.000 1.000
44.179 70.133 -1.000 1.000 1.000
44.229 70.267 -1.000 1.000 1.000
44.192 70.400 -1.000 1.000 1.000
44.230 70.533 -1.000 1.000 1.000
44.238 70.667 -1.000 1.000 1.000
44.244 70.800 -1.000 1.000 1.000
44.215 70.933 -1.000 1.000 1.000
44.065 71.067 -1.000 1.000 1.000
44.120 71.200 -1.000 1.000 1.000
44.149 71.333 -1.000 1.000 1.000
44.140 71.467 -1.000 1.000 1.000
44.130 71.600 -1.000 1.000 1.000
44.056 71.733 -1.000 1.000 1.000
44.107 71.867 -1.000 1.000 1.000
44.271 72.000 -1.000 1.000 1.000
44.285 72.133 -1.000 1.000 1.000
44.269 72.267 -1.000 1.000 1.000
44.231 72.400 -1.000 1.000 1.000
44.191 72.533 -1.000 1.000 1.000
44.115 72.667 -1.000 1.000 1.000
44.025 72.800 -1.000 1.000 1.000
43.923 72.933 -1.000 1.000 1.000
43.661 73.067 -1.000 1.000 1.000
43.687 73.200 -1.000 1.000 1.000
43.762 73.333 -1.000 1.000 1.000
43.767 73.467 -1.000 1.000 1.000
43.770 73.600 -1.000 1.000 1.000
43.776 73.733 -1.000 1.000 1.000
43.766 73.867 -1.000 1.000 1.000
43.769 74.000 -1.000 1.000 1.000
43.760 74.133 -1.000 1.000 1.000
43.754 74.267 -1.000 1.000 1.000
43.737 74.400 -1.000 1.000 1.000
