1 -115.52350 29.63325 -5.00000 .00000
2 -115.56600 29.66675 -5.00000 .00000
3 -115.62575 29.70000 -5.00000 .00000
4 -115.67000 29.73325 -5.00000 .00000
5 -115.69875 29.76675 -5.00000 .00000
6 -115.69000 29.80000 -5.00000 .00000
7 -115.68675 29.83325 -5.00000 .00000
8 -115.69525 29.86675 -5.00000 .00000
9 -115.70425 29.90000 -5.00000 .00000
10 -115.73050 29.93325 -5.00000 .00000
11 -115.80925 29.96675 -5.00000 .00000
12 -115.79925 30.00000 -5.00000 .00000
13 -115.79300 30.03325 -5.00000 .00000
14 -115.78525 30.06675 -5.00000 .00000
15 -115.78525 30.10000 -5.00000 .00000
16 -115.80125 30.13325 -5.00000 .00000
17 -115.79975 30.16675 -5.00000 .00000
18 -115.79500 30.20000 -5.00000 .00000
19 -115.79575 30.23325 -5.00000 .00000
20 -115.80000 30.26675 -5.00000 .00000
21 -115.81125 30.30000 -5.00000 .00000
22 -115.83200 30.33325 -5.00000 .00000
23 -116.00725 30.36675 -5.00000 .00000
24 -116.00725 30.40000 -5.00000 .00000
25 -116.02525 30.43325 -5.00000 .00000
26 -116.04375 30.46675 -5.00000 .00000
27 -116.04450 30.50000 -5.00000 .00000
28 -116.04025 30.53325 -5.00000 .00000
29 -116.03375 30.56675 -5.00000 .00000
30 -116.03050 30.60000 -5.00000 .00000
31 -116.02725 30.63325 -5.00000 .00000
32 -116.02800 30.66675 -5.00000 .00000
33 -116.03300 30.70000 -5.00000 .00000
34 -116.04625 30.73325 -5.00000 .00000
35 -116.04950 30.76675 -5.00000 .00000
36 -116.05950 30.80000 -5.00000 .00000
37 -116.11700 30.83325 -5.00000 .00000
38 -116.18125 30.86675 -5.00000 .00000
39 -116.20875 30.90000 -5.00000 .00000
40 -116.24625 30.93325 -5.00000 .00000
41 -116.33700 30.96675 -5.00000 .00000
42 -116.33500 31.00000 -5.00000 .00000
43 -116.32625 31.03325 -5.00000 .00000
44 -116.32150 31.06675 -5.00000 .00000
45 -116.31425 31.10000 -5.00000 .00000
46 -116.31050 31.13325 -5.00000 .00000
47 -116.32000 31.16675 -5.00000 .00000
48 -116.33975 31.20000 -5.00000 .00000
49 -116.35825 31.23325 -5.00000 .00000
50 -116.38800 31.26675 -5.00000 .00000
51 -116.41925 31.30000 -5.00000 .00000
52 -116.45900 31.33325 -5.00000 .00000
53 -116.48750 31.36675 -5.00000 .00000
54 -116.50100 31.40000 -5.00000 .00000
55 -116.52575 31.43325 -5.00000 .00000
56 -116.60825 31.46675 -5.00000 .00000
57 -116.61725 31.50000 -5.00000 .00000
58 -116.66175 31.53325 -5.00000 .00000
59 -116.69150 31.56675 -5.00000 .00000
60 -116.66650 31.60000 -5.00000 .00000
61 -116.65900 31.63325 -5.00000 .00000
62 -116.65375 31.66675 -5.00000 .00000
63 -116.68825 31.70000 -5.00000 .00000
64 -116.73650 31.73325 -5.00000 .00000
65 -116.62850 31.76675 -5.00000 .00000
66 -116.79550 31.80000 -5.00000 .00000
67 -116.61325 31.83325 -5.00000 .00000
68 -116.67575 31.86675 -5.00000 .00000
69 -116.73250 31.90000 -5.00000 .00000
70 -116.75800 31.93325 -5.00000 .00000
71 -116.76725 31.96675 -5.00000 .00000
72 -116.86675 32.00000 -5.00000 .00000
73 -116.88800 32.03325 -5.00000 .00000
74 -116.88525 32.06675 -5.00000 .00000
75 -116.88675 32.10000 -5.00000 .00000
76 -116.89075 32.13325 -5.00000 .00000
77 -116.90850 32.16675 -5.00000 .00000
78 -116.91500 32.20000 -5.00000 .00000
79 -116.92875 32.23325 -5.00000 .00000
80 -117.00975 32.26675 -5.00000 .00000
81 -117.04275 32.30000 -5.00000 .00000
82 -117.05725 32.33325 -5.00000 .00000
83 -117.07400 32.36675 -5.00000 .00000
84 -117.09200 32.40000 -5.00000 .00000
85 -117.10050 32.43325 -5.00000 .00000
86 -117.11925 32.46675 -5.00000 .00000
87 -117.12350 32.50025 -5.00000 .00000
88 -117.12500 32.53325 -5.00000 .00000
89 -117.13400 32.56675 -5.00000 .00000
90 -117.13250 32.60000 -5.00000 .00000
91 -117.14575 32.63325 -5.00000 .00000
92 -117.24625 32.66675 -5.00000 .00000
93 -117.25700 32.70000 -5.00000 .00000
94 -117.25775 32.73325 -5.00000 .00000
95 -117.25375 32.76675 -5.00000 .00000
96 -117.25925 32.80000 -5.00000 .00000
97 -117.28300 32.83325 -5.00000 .00000
98 -117.25600 32.86675 -5.00000 .00000
99 -117.25525 32.90000 -5.00000 .00000
100 -117.26350 32.93325 -5.00000 .00000
101 -117.27100 32.96675 -5.00000 .00000
102 -117.28025 33.00025 -5.00000 .00000
103 -117.29500 33.03325 -5.00000 .00000
104 -117.30925 33.06675 -5.00000 .00000
105 -117.32175 33.10000 -5.00000 .00000
106 -117.34000 33.13325 -5.00000 .00000
107 -117.36375 33.16675 -5.00000 .00000
108 -117.39250 33.20000 -5.00000 .00000
109 -117.42025 33.23325 -5.00000 .00000
110 -117.44700 33.26675 -5.00000 .00000
111 -117.47625 33.30000 -5.00000 .00000
112 -117.50975 33.33325 -5.00000 .00000
113 -117.55900 33.36675 -5.00000 .00000
114 -117.60675 33.40000 -5.00000 .00000
115 -117.64075 33.43325 -5.00000 .00000
116 -117.72025 33.46675 -5.00000 .00000
117 -117.74675 33.50025 -5.00000 .00000
118 -117.78025 33.53325 -5.00000 .00000
119 -117.83500 33.56675 -5.00000 .00000
120 -117.90200 33.60000 -5.00000 .00000
121 -117.96700 33.63325 -5.00000 .00000
122 -118.01725 33.66675 -5.00000 .00000
123 -118.05450 33.70000 -5.00000 .00000
124 -118.35625 33.73325 -5.00000 .00000
125 -118.42550 33.76675 -5.00000 .00000
126 -118.40875 33.80000 -5.00000 .00000
127 -118.39275 33.83325 -5.00000 .00000
128 -118.40625 33.86675 -5.00000 .00000
129 -118.42225 33.90000 -5.00000 .00000
130 -118.43975 33.93325 -5.00000 .00000
131 -118.46025 33.96675 -5.00000 .00000
132 -118.48675 34.00025 -5.00000 .00000
133 -118.85325 34.03325 -5.00000 .00000
134 -119.01325 34.06675 -5.00000 .00000
135 -119.13400 34.10000 -5.00000 .00000
136 -119.18350 34.13325 -5.00000 .00000
137 -119.23525 34.16675 -5.00000 .00000
138 -119.25350 34.20000 -5.00000 .00000
139 -119.26800 34.23325 -5.00000 .00000
140 -119.28175 34.26675 -5.00000 .00000
141 -119.34850 34.30000 -5.00000 .00000
142 -119.40825 34.33325 -5.00000 .00000
143 -119.45350 34.36675 -5.00000 .00000
144 -119.74150 34.40000 -5.00000 .00000
145 -119.92525 34.43325 -5.00000 .00000
146 -120.47650 34.46675 -5.00000 .00000
147 -120.50000 34.50025 -5.00000 .00000
148 -120.53175 34.53325 -5.00000 .00000
149 -120.64075 34.56675 -5.00000 .00000
150 -120.64400 34.60000 -5.00000 .00000
151 -120.62750 34.63325 -5.00000 .00000
152 -120.61425 34.66675 -5.00000 .00000
153 -120.60350 34.70000 -5.00000 .00000
154 -120.61875 34.73325 -5.00000 .00000
155 -120.63600 34.76675 -5.00000 .00000
156 -120.62325 34.80000 -5.00000 .00000
157 -120.61450 34.83325 -5.00000 .00000
158 -120.61825 34.86675 -5.00000 .00000
159 -120.67300 34.90000 -5.00000 .00000
160 -120.66700 34.93325 -5.00000 .00000
161 -120.65275 34.96675 -5.00000 .00000
162 -120.64325 35.00025 -5.00000 .00000
163 -120.63575 35.03325 -5.00000 .00000
164 -120.63250 35.06675 -5.00000 .00000
165 -120.63175 35.10000 -5.00000 .00000
166 -120.64050 35.13325 -5.00000 .00000
167 -120.77575 35.16675 -5.00000 .00000
168 -120.84125 35.20000 -5.00000 .00000
169 -120.88425 35.23325 -5.00000 .00000
170 -120.89675 35.26675 -5.00000 .00000
171 -120.88000 35.30000 -5.00000 .00000
172 -120.86825 35.33325 -5.00000 .00000
173 -120.86475 35.36675 -5.00000 .00000
174 -120.86825 35.40000 -5.00000 .00000
175 -120.88775 35.43325 -5.00000 .00000
176 -121.01225 35.46675 -5.00000 .00000
177 -121.04675 35.50025 -5.00000 .00000
178 -121.08575 35.53325 -5.00000 .00000
179 -121.11125 35.56675 -5.00000 .00000
180 -121.13300 35.60000 -5.00000 .00000
181 -121.16600 35.63325 -5.00000 .00000
182 -121.28625 35.66675 -5.00000 .00000
183 -121.30250 35.70000 -5.00000 .00000
184 -121.31750 35.73325 -5.00000 .00000
185 -121.32600 35.76675 -5.00000 .00000
186 -121.35325 35.80000 -5.00000 .00000
187 -121.39700 35.83325 -5.00000 .00000
188 -121.44100 35.86675 -5.00000 .00000
189 -121.46600 35.90000 -5.00000 .00000
190 -121.47675 35.93325 -5.00000 .00000
191 -121.48775 35.96675 -5.00000 .00000
192 -121.50550 36.00025 -5.00000 .00000
193 -121.58025 36.03325 -5.00000 .00000
194 -121.59775 36.06675 -5.00000 .00000
195 -121.62450 36.10000 -5.00000 .00000
196 -121.65175 36.13325 -5.00000 .00000
197 -121.68500 36.16675 -5.00000 .00000
198 -121.73175 36.20000 -5.00000 .00000
199 -121.81000 36.23325 -5.00000 .00000
200 -121.84525 36.26675 -5.00000 .00000
201 -121.88625 36.30000 -5.00000 .00000
202 -121.89450 36.33325 -5.00000 .00000
203 -121.90375 36.36675 -5.00000 .00000
204 -121.91050 36.40000 -5.00000 .00000
205 -121.92150 36.43325 -5.00000 .00000
206 -121.93275 36.46675 -5.00000 .00000
207 -121.94150 36.50025 -5.00000 .00000
208 -121.92875 36.53325 -5.00000 .00000
209 -121.96750 36.56675 -5.00000 .00000
210 -121.96400 36.60000 -5.00000 .00000
211 -121.94025 36.63325 -5.00000 .00000
212 -121.82200 36.66675 -5.00000 .00000
213 -121.81100 36.70000 -5.00000 .00000
214 -121.80775 36.73325 -5.00000 .00000
215 -121.80200 36.76675 -5.00000 .00000
216 -121.79250 36.80000 -5.00000 .00000
217 -121.80375 36.83325 -5.00000 .00000
218 -121.82150 36.86675 -5.00000 .00000
219 -121.84350 36.90000 -5.00000 .00000
220 -121.86500 36.93325 -5.00000 .00000
221 -122.13625 36.96675 -5.00000 .00000
222 -122.18725 37.00025 -5.00000 .00000
223 -122.22975 37.03325 -5.00000 .00000
224 -122.25800 37.06675 -5.00000 .00000
225 -122.28625 37.10000 -5.00000 .00000
226 -122.33975 37.13325 -5.00000 .00000
227 -122.36550 37.16675 -5.00000 .00000
228 -122.40625 37.20000 -5.00000 .00000
229 -122.41875 37.23325 -5.00000 .00000
230 -122.41225 37.26675 -5.00000 .00000
231 -122.40800 37.30000 -5.00000 .00000
232 -122.40300 37.33325 -5.00000 .00000
233 -122.40875 37.36675 -5.00000 .00000
234 -122.42550 37.40000 -5.00000 .00000
235 -122.44300 37.43325 -5.00000 .00000
236 -122.44800 37.46675 -5.00000 .00000
237 -122.50125 37.50025 -5.00000 .00000
238 -122.52050 37.53325 -5.00000 .00000
239 -122.51700 37.56675 -5.00000 .00000
240 -122.50125 37.60000 -5.00000 .00000
241 -122.49550 37.63325 -5.00000 .00000
242 -122.49725 37.66675 -5.00000 .00000
243 -122.50200 37.70000 -5.00000 .00000
244 -122.50950 37.73325 -5.00000 .00000
245 -122.51300 37.76675 -5.00000 .00000
246 -122.48300 37.80000 -5.00000 .00000
247 -122.54625 37.83325 -5.00000 .00000
248 -122.59450 37.86675 -5.00000 .00000
249 -122.71600 37.90000 -5.00000 .00000
250 -122.75375 37.93325 -5.00000 .00000
251 -122.79200 37.96675 -5.00000 .00000
252 -123.02500 38.00025 -5.00000 .00000
253 -122.99850 38.03325 -5.00000 .00000
254 -122.98325 38.06675 -5.00000 .00000
255 -122.96875 38.10000 -5.00000 .00000
256 -122.95650 38.13325 -5.00000 .00000
257 -122.95400 38.16675 -5.00000 .00000
258 -122.96975 38.20000 -5.00000 .00000
259 -122.99400 38.23325 -5.00000 .00000
260 -122.97975 38.26675 -5.00000 .00000
261 -123.06475 38.30000 -5.00000 .00000
262 -123.07175 38.33325 -5.00000 .00000
263 -123.07500 38.36675 -5.00000 .00000
264 -123.09975 38.40000 -5.00000 .00000
265 -123.12875 38.43325 -5.00000 .00000
266 -123.15950 38.46675 -5.00000 .00000
267 -123.22350 38.50025 -5.00000 .00000
268 -123.28000 38.53325 -5.00000 .00000
269 -123.33600 38.56675 -5.00000 .00000
270 -123.36250 38.60000 -5.00000 .00000
271 -123.38950 38.63325 -5.00000 .00000
272 -123.41575 38.66675 -5.00000 .00000
273 -123.44325 38.70000 -5.00000 .00000
274 -123.49150 38.73325 -5.00000 .00000
275 -123.53600 38.76675 -5.00000 .00000
276 -123.59675 38.80000 -5.00000 .00000
277 -123.63025 38.83325 -5.00000 .00000
278 -123.65900 38.86675 -5.00000 .00000
279 -123.70250 38.90000 -5.00000 .00000
280 -123.73000 38.93325 -5.00000 .00000
281 -123.72300 38.96675 -5.00000 .00000
282 -123.70100 39.00025 -5.00000 .00000
283 -123.69075 39.03325 -5.00000 .00000
284 -123.69900 39.06675 -5.00000 .00000
285 -123.70825 39.10000 -5.00000 .00000
286 -123.72100 39.13325 -5.00000 .00000
287 -123.74400 39.16675 -5.00000 .00000
288 -123.77100 39.20000 -5.00000 .00000
289 -123.78025 39.23325 -5.00000 .00000
290 -123.79025 39.26675 -5.00000 .00000
291 -123.80650 39.30000 -5.00000 .00000
292 -123.82000 39.33325 -5.00000 .00000
293 -123.82725 39.36675 -5.00000 .00000
294 -123.82250 39.40000 -5.00000 .00000
295 -123.82000 39.43325 -5.00000 .00000
296 -123.80925 39.46675 -5.00000 .00000
297 -123.79175 39.50025 -5.00000 .00000
298 -123.77650 39.53325 -5.00000 .00000
299 -123.77225 39.56675 -5.00000 .00000
300 -123.79000 39.60000 -5.00000 .00000
301 -123.78750 39.63325 -5.00000 .00000
302 -123.79500 39.66675 -5.00000 .00000
303 -123.80650 39.70000 -5.00000 .00000
304 -123.83225 39.73325 -5.00000 .00000
305 -123.83975 39.76675 -5.00000 .00000
306 -123.84375 39.80000 -5.00000 .00000
307 -123.85600 39.83325 -5.00000 .00000
308 -123.91200 39.86675 -5.00000 .00000
309 -123.92725 39.90000 -5.00000 .00000
310 -123.96175 39.93325 -5.00000 .00000
311 -123.98775 39.96675 -5.00000 .00000
312 -124.02425 40.00025 -5.00000 .00000
313 -124.08100 40.03325 -5.00000 .00000
314 -124.08225 40.06675 -5.00000 .00000
315 -124.10850 40.10000 -5.00000 .00000
316 -124.19225 40.13325 -5.00000 .00000
317 -124.22825 40.16675 -5.00000 .00000
318 -124.28450 40.20000 -5.00000 .00000
319 -124.32750 40.23325 -5.00000 .00000
320 -124.36500 40.26675 -5.00000 .00000
321 -124.35650 40.30000 -5.00000 .00000
322 -124.35725 40.33325 -5.00000 .00000
323 -124.36675 40.36675 -5.00000 .00000
324 -124.38050 40.40000 -5.00000 .00000
325 -124.40600 40.43325 -5.00000 .00000
326 -124.39825 40.46675 -5.00000 .00000
327 -124.38575 40.50025 -5.00000 .00000
328 -124.37575 40.53325 -5.00000 .00000
329 -124.35875 40.56675 -5.00000 .00000
330 -124.33975 40.60000 -5.00000 .00000
331 -124.32000 40.63325 -5.00000 .00000
332 -124.29925 40.66675 -5.00000 .00000
333 -124.27725 40.70000 -5.00000 .00000
334 -124.25350 40.73325 -5.00000 .00000
335 -124.23500 40.76675 -5.00000 .00000
336 -124.20900 40.80000 -5.00000 .00000
337 -124.18725 40.83325 -5.00000 .00000
338 -124.16625 40.86675 -5.00000 .00000
339 -124.14900 40.90000 -5.00000 .00000
340 -124.13750 40.93325 -5.00000 .00000
341 -124.12750 40.96675 -5.00000 .00000
342 -124.11725 41.00025 -5.00000 .00000
343 -124.11675 41.03325 -5.00000 .00000
344 -124.15225 41.06675 -5.00000 .00000
345 -124.16100 41.10000 -5.00000 .00000
346 -124.16400 41.13325 -5.00000 .00000
347 -124.13575 41.16675 -5.00000 .00000
348 -124.12100 41.20000 -5.00000 .00000
349 -124.10625 41.23325 -5.00000 .00000
350 -124.09825 41.26675 -5.00000 .00000
351 -124.09100 41.30000 -5.00000 .00000
352 -124.08325 41.33325 -5.00000 .00000
353 -124.07350 41.36675 -5.00000 .00000
354 -124.06650 41.40000 -5.00000 .00000
355 -124.06375 41.43325 -5.00000 .00000
356 -124.06750 41.46675 -5.00000 .00000
357 -124.07600 41.50025 -5.00000 .00000
358 -124.08050 41.53325 -5.00000 .00000
359 -124.09875 41.56675 -5.00000 .00000
360 -124.10075 41.60000 -5.00000 .00000
361 -124.11950 41.63325 -5.00000 .00000
362 -124.13825 41.66675 -5.00000 .00000
363 -124.14250 41.70000 -5.00000 .00000
364 -124.15950 41.73325 -5.00000 .00000
365 -124.23700 41.76675 -5.00000 .00000
366 -124.24000 41.80000 -5.00000 .00000
367 -124.22425 41.83325 -5.00000 .00000
368 -124.21425 41.86675 -5.00000 .00000
369 -124.20675 41.90000 -5.00000 .00000
370 -124.20550 41.93325 -5.00000 .00000
371 -124.20650 41.96675 -5.00000 .00000
372 -124.21275 42.00025 -5.00000 .00000
373 -124.25900 42.03325 -5.00000 .00000
374 -124.32000 42.06675 -5.00000 .00000
375 -124.35225 42.10000 -5.00000 .00000
376 -124.35375 42.13325 -5.00000 .00000
377 -124.36350 42.16675 -5.00000 .00000
378 -124.37650 42.20000 -5.00000 .00000
379 -124.39350 42.23325 -5.00000 .00000
380 -124.41150 42.26675 -5.00000 .00000
381 -124.41400 42.30000 -5.00000 .00000
382 -124.43075 42.33325 -5.00000 .00000
383 -124.42650 42.36675 -5.00000 .00000
384 -124.42650 42.40000 -5.00000 .00000
385 -124.43575 42.43325 -5.00000 .00000
386 -124.42375 42.46675 -5.00000 .00000
387 -124.42075 42.50025 -5.00000 .00000
388 -124.40450 42.53325 -5.00000 .00000
389 -124.39250 42.56675 -5.00000 .00000
390 -124.40400 42.60000 -5.00000 .00000
391 -124.40725 42.63325 -5.00000 .00000
392 -124.43150 42.66675 -5.00000 .00000
393 -124.45900 42.70000 -5.00000 .00000
394 -124.47575 42.73325 -5.00000 .00000
395 -124.52150 42.76675 -5.00000 .00000
396 -124.52900 42.80000 -5.00000 .00000
397 -124.55800 42.83325 -5.00000 .00000
398 -124.53575 42.86675 -5.00000 .00000
399 -124.51325 42.90000 -5.00000 .00000
400 -124.49200 42.93325 -5.00000 .00000
401 -124.47425 42.96675 -5.00000 .00000
402 -124.46075 43.00025 -5.00000 .00000
403 -124.44800 43.03325 -5.00000 .00000
404 -124.43675 43.06675 -5.00000 .00000
405 -124.43175 43.10000 -5.00000 .00000
406 -124.42325 43.13325 -5.00000 .00000
407 -124.41000 43.16675 -5.00000 .00000
408 -124.39825 43.20000 -5.00000 .00000
409 -124.39450 43.23325 -5.00000 .00000
410 -124.38450 43.26675 -5.00000 .00000
411 -124.39400 43.30000 -5.00000 .00000
412 -124.37900 43.33325 -5.00000 .00000
413 -124.33225 43.36675 -5.00000 .00000
414 -124.30900 43.40000 -5.00000 .00000
415 -124.29075 43.43325 -5.00000 .00000
416 -124.27250 43.46675 -5.00000 .00000
417 -124.25675 43.50025 -5.00000 .00000
418 -124.24325 43.53325 -5.00000 .00000
419 -124.23100 43.56675 -5.00000 .00000
420 -124.22100 43.60000 -5.00000 .00000
421 -124.21400 43.63325 -5.00000 .00000
422 -124.20750 43.66675 -5.00000 .00000
423 -124.19600 43.70000 -5.00000 .00000
424 -124.18675 43.73325 -5.00000 .00000
425 -124.17800 43.76675 -5.00000 .00000
426 -124.16975 43.80000 -5.00000 .00000
427 -124.16375 43.83325 -5.00000 .00000
428 -124.15875 43.86675 -5.00000 .00000
429 -124.15225 43.90000 -5.00000 .00000
430 -124.14700 43.93325 -5.00000 .00000
431 -124.14175 43.96675 -5.00000 .00000
432 -124.13825 44.00025 -5.00000 .00000
433 -124.13475 44.03325 -5.00000 .00000
434 -124.12975 44.06675 -5.00000 .00000
435 -124.12475 44.10000 -5.00000 .00000
436 -124.12400 44.13325 -5.00000 .00000
437 -124.11700 44.16675 -5.00000 .00000
438 -124.11625 44.20000 -5.00000 .00000
439 -124.11125 44.23325 -5.00000 .00000
440 -124.10975 44.26675 -5.00000 .00000
441 -124.11025 44.30000 -5.00000 .00000
442 -124.10200 44.33325 -5.00000 .00000
443 -124.09400 44.36675 -5.00000 .00000
444 -124.08800 44.40000 -5.00000 .00000
445 -124.08375 44.43325 -5.00000 .00000
446 -124.08225 44.46675 -5.00000 .00000
447 -124.08375 44.50000 -5.00000 .00000
448 -124.07625 44.53325 -5.00000 .00000
449 -124.07050 44.56675 -5.00000 .00000
450 -124.06725 44.60000 -5.00000 .00000
451 -124.06450 44.63325 -5.00000 .00000
452 -124.05775 44.66675 -5.00000 .00000
453 -124.06350 44.70000 -5.00000 .00000
454 -124.05775 44.73325 -5.00000 .00000
455 -124.06875 44.76675 -5.00000 .00000
456 -124.07200 44.80000 -5.00000 .00000
457 -124.05950 44.83325 -5.00000 .00000
458 -124.04375 44.86675 -5.00000 .00000
459 -124.03375 44.90000 -5.00000 .00000
460 -124.02700 44.93325 -5.00000 .00000
461 -124.02050 44.96675 -5.00000 .00000
462 -124.01225 45.00000 -5.00000 .00000
463 -124.01125 45.03325 -5.00000 .00000
464 -124.01425 45.06675 -5.00000 .00000
465 -123.98925 45.10000 -5.00000 .00000
466 -123.98000 45.13325 -5.00000 .00000
467 -123.97250 45.16675 -5.00000 .00000
468 -123.96975 45.20000 -5.00000 .00000
469 -123.97250 45.23325 -5.00000 .00000
470 -123.96475 45.26675 -5.00000 .00000
471 -123.96275 45.30000 -5.00000 .00000
472 -123.97000 45.33325 -5.00000 .00000
473 -123.97150 45.36675 -5.00000 .00000
474 -123.96425 45.40000 -5.00000 .00000
475 -123.95100 45.43325 -5.00000 .00000
476 -123.97425 45.46675 -5.00000 .00000
477 -123.96325 45.50000 -5.00000 .00000
478 -123.95525 45.53325 -5.00000 .00000
479 -123.94275 45.56675 -5.00000 .00000
480 -123.95200 45.60000 -5.00000 .00000
481 -123.94250 45.63325 -5.00000 .00000
482 -123.94050 45.66675 -5.00000 .00000
483 -123.93900 45.70000 -5.00000 .00000
484 -123.94625 45.73325 -5.00000 .00000
485 -123.98375 45.76675 -5.00000 .00000
486 -123.97000 45.80000 -5.00000 .00000
487 -123.96275 45.83325 -5.00000 .00000
488 -123.96500 45.86675 -5.00000 .00000
489 -123.96750 45.90000 -5.00000 .00000
490 -123.98600 45.93325 -5.00000 .00000
491 -123.97325 45.96675 -5.00000 .00000
492 -123.93225 46.00000 -5.00000 .00000
493 -123.92875 46.03325 -5.00000 .00000
494 -123.93275 46.06675 -5.00000 .00000
495 -123.94225 46.10000 -5.00000 .00000
496 -123.95225 46.13325 -5.00000 .00000
497 -123.97125 46.16675 -5.00000 .00000
498 -123.99375 46.20000 -5.00000 .00000
499 -124.01925 46.23325 -5.00000 .00000
500 -124.08475 46.26675 -5.00000 .00000
501 -124.07825 46.30000 -5.00000 .00000
502 -124.05950 46.33325 -5.00000 .00000
503 -124.05825 46.36675 -5.00000 .00000
504 -124.05750 46.40000 -5.00000 .00000
505 -124.05600 46.43325 -5.00000 .00000
506 -124.05850 46.46675 -5.00000 .00000
507 -124.05775 46.50000 -5.00000 .00000
508 -124.06000 46.53325 -5.00000 .00000
509 -124.06150 46.56675 -5.00000 .00000
510 -124.06575 46.60000 -5.00000 .00000
